subset,iteration,game,model,reply,thought,prediction,correct
first_10,0,boulderchase,AIDC-AI/Marco-o1,boulderchase,,boulderchase,True
first_10,0,brainman,AIDC-AI/Marco-o1,"```text
brainman
```",,brainman,True
first_10,0,cakybaky,AIDC-AI/Marco-o1,boulderchase,,boulderchase,False
first_10,0,defender,AIDC-AI/Marco-o1,portals,,portals,False
first_10,0,digdug,AIDC-AI/Marco-o1,digdug,,digdug,True
first_10,0,iceandfire,AIDC-AI/Marco-o1,"```text
boulderchase
```",,boulderchase,False
first_10,0,lasers2,AIDC-AI/Marco-o1,"```text
boulderchase
```",,boulderchase,False
first_10,0,portals,AIDC-AI/Marco-o1,"```text
cakybaky
```",,cakybaky,False
first_10,0,racebet,AIDC-AI/Marco-o1,racebet,,racebet,True
first_10,1,boulderchase,AIDC-AI/Marco-o1,boulderchase,,boulderchase,True
first_10,1,brainman,AIDC-AI/Marco-o1,"```text
boulderchase
```",,boulderchase,False
first_10,1,cakybaky,AIDC-AI/Marco-o1,boulderchase,,boulderchase,False
first_10,1,defender,AIDC-AI/Marco-o1,"```text
defender
```",,defender,True
first_10,1,digdug,AIDC-AI/Marco-o1,digdug,,digdug,True
first_10,1,iceandfire,AIDC-AI/Marco-o1,portals,,portals,False
first_10,1,lasers2,AIDC-AI/Marco-o1,"```text
boulderchase
```",,boulderchase,False
first_10,1,portals,AIDC-AI/Marco-o1,racebet,,racebet,False
first_10,1,racebet,AIDC-AI/Marco-o1,racebet,,racebet,True
first_10,2,boulderchase,AIDC-AI/Marco-o1,boulderchase,,boulderchase,True
first_10,2,brainman,AIDC-AI/Marco-o1,"```text
brainman
```",,brainman,True
first_10,2,cakybaky,AIDC-AI/Marco-o1,boulderchase,,boulderchase,False
first_10,2,defender,AIDC-AI/Marco-o1,portals,,portals,False
first_10,2,digdug,AIDC-AI/Marco-o1,digdug,,digdug,True
first_10,2,iceandfire,AIDC-AI/Marco-o1,"```text
boulderchase
```",,boulderchase,False
first_10,2,lasers2,AIDC-AI/Marco-o1,portals,,portals,False
first_10,2,portals,AIDC-AI/Marco-o1,"```text
boulderchase
```",,boulderchase,False
first_10,2,racebet,AIDC-AI/Marco-o1,racebet,,racebet,True
first_10,3,boulderchase,AIDC-AI/Marco-o1,"```text
boulderchase
```",,boulderchase,True
first_10,3,brainman,AIDC-AI/Marco-o1,"```text
boulderchase
```",,boulderchase,False
first_10,3,cakybaky,AIDC-AI/Marco-o1,boulderchase,,boulderchase,False
first_10,3,defender,AIDC-AI/Marco-o1,portals,,portals,False
first_10,3,digdug,AIDC-AI/Marco-o1,digdug,,digdug,True
first_10,3,iceandfire,AIDC-AI/Marco-o1,portals,,portals,False
first_10,3,lasers2,AIDC-AI/Marco-o1,"```text
boulderchase
```",,boulderchase,False
first_10,3,portals,AIDC-AI/Marco-o1,"```text
boulderchase
```",,boulderchase,False
first_10,3,racebet,AIDC-AI/Marco-o1,racebet,,racebet,True
first_10,4,boulderchase,AIDC-AI/Marco-o1,"```text
boulderchase
```",,boulderchase,True
first_10,4,brainman,AIDC-AI/Marco-o1,"```text
boulderchase
```",,boulderchase,False
first_10,4,cakybaky,AIDC-AI/Marco-o1,boulderchase,,boulderchase,False
first_10,4,defender,AIDC-AI/Marco-o1,portals,,portals,False
first_10,4,digdug,AIDC-AI/Marco-o1,digdug,,digdug,True
first_10,4,iceandfire,AIDC-AI/Marco-o1,"```text
boulderchase
```",,boulderchase,False
first_10,4,lasers2,AIDC-AI/Marco-o1,"```text
boulderchase
```",,boulderchase,False
first_10,4,portals,AIDC-AI/Marco-o1,racebet,,racebet,False
first_10,4,racebet,AIDC-AI/Marco-o1,racebet,,racebet,True
last_10,0,boulderchase,AIDC-AI/Marco-o1,boulderchase,,boulderchase,True
last_10,0,brainman,AIDC-AI/Marco-o1,"```text
brainman
```",,brainman,True
last_10,0,cakybaky,AIDC-AI/Marco-o1,"```text
boulderchase
```",,boulderchase,False
last_10,0,defender,AIDC-AI/Marco-o1,defender,,defender,True
last_10,0,digdug,AIDC-AI/Marco-o1,digdug,,digdug,True
last_10,0,iceandfire,AIDC-AI/Marco-o1,portals,,portals,False
last_10,0,lasers2,AIDC-AI/Marco-o1,boulderchase,,boulderchase,False
last_10,0,portals,AIDC-AI/Marco-o1,boulderchase,,boulderchase,False
last_10,0,racebet,AIDC-AI/Marco-o1,racebet,,racebet,True
last_10,1,boulderchase,AIDC-AI/Marco-o1,boulderchase,,boulderchase,True
last_10,1,brainman,AIDC-AI/Marco-o1,"```text
brainman
```",,brainman,True
last_10,1,cakybaky,AIDC-AI/Marco-o1,cakybaky,,cakybaky,True
last_10,1,defender,AIDC-AI/Marco-o1,defender,,defender,True
last_10,1,digdug,AIDC-AI/Marco-o1,digdug,,digdug,True
last_10,1,iceandfire,AIDC-AI/Marco-o1,portals,,portals,False
last_10,1,lasers2,AIDC-AI/Marco-o1,portals,,portals,False
last_10,1,portals,AIDC-AI/Marco-o1,"```text
boulderchase
```",,boulderchase,False
last_10,1,racebet,AIDC-AI/Marco-o1,racebet,,racebet,True
last_10,2,boulderchase,AIDC-AI/Marco-o1,boulderchase,,boulderchase,True
last_10,2,brainman,AIDC-AI/Marco-o1,"```text
brainman
```",,brainman,True
last_10,2,cakybaky,AIDC-AI/Marco-o1,"```text
boulderchase
```",,boulderchase,False
last_10,2,defender,AIDC-AI/Marco-o1,"```text
defender
```",,defender,True
last_10,2,digdug,AIDC-AI/Marco-o1,"```text
digdug
```",,digdug,True
last_10,2,iceandfire,AIDC-AI/Marco-o1,portals,,portals,False
last_10,2,lasers2,AIDC-AI/Marco-o1,"```text
boulderchase
```",,boulderchase,False
last_10,2,portals,AIDC-AI/Marco-o1,portals,,portals,True
last_10,2,racebet,AIDC-AI/Marco-o1,racebet,,racebet,True
last_10,3,boulderchase,AIDC-AI/Marco-o1,boulderchase,,boulderchase,True
last_10,3,brainman,AIDC-AI/Marco-o1,"```text
brainman
```",,brainman,True
last_10,3,cakybaky,AIDC-AI/Marco-o1,"```text
boulderchase
```",,boulderchase,False
last_10,3,defender,AIDC-AI/Marco-o1,"```text
defender
```",,defender,True
last_10,3,digdug,AIDC-AI/Marco-o1,digdug,,digdug,True
last_10,3,iceandfire,AIDC-AI/Marco-o1,"```text
boulderchase
```",,boulderchase,False
last_10,3,lasers2,AIDC-AI/Marco-o1,boulderchase,,boulderchase,False
last_10,3,portals,AIDC-AI/Marco-o1,"```text
boulderchase
```",,boulderchase,False
last_10,3,racebet,AIDC-AI/Marco-o1,racebet,,racebet,True
last_10,4,boulderchase,AIDC-AI/Marco-o1,boulderchase,,boulderchase,True
last_10,4,brainman,AIDC-AI/Marco-o1,"```text
brainman
```",,brainman,True
last_10,4,cakybaky,AIDC-AI/Marco-o1,"```text
boulderchase
```",,boulderchase,False
last_10,4,defender,AIDC-AI/Marco-o1,"```text
defender
```",,defender,True
last_10,4,digdug,AIDC-AI/Marco-o1,digdug,,digdug,True
last_10,4,iceandfire,AIDC-AI/Marco-o1,portals,,portals,False
last_10,4,lasers2,AIDC-AI/Marco-o1,"```text
boulderchase
```",,boulderchase,False
last_10,4,portals,AIDC-AI/Marco-o1,racebet,,racebet,False
last_10,4,racebet,AIDC-AI/Marco-o1,racebet,,racebet,True
